244 627 5.24841 -16.7556 -24.6556 0.0681986 0.00526244 -0.0433273 -0.944369 0.325978 
250 609 4.82134 11.0877 -26.9543 -1.15283 0.0316727 -0.0599573 -0.780827 0.621057 
250 615 7.36979 5.53864 -26.2032 -1.08345 0.0518282 -0.0737541 -0.791104 0.605003 
250 621 7.95097 -0.793472 -24.0725 -0.909207 0.0443613 -0.0519231 -0.775361 0.627815 
250 627 5.92822 -5.80799 -23.1579 -0.616126 0.0181873 -0.0312318 -0.847695 0.529251 
250 633 4.66333 -10.121 -21.8513 -0.794077 0.0118086 -0.00530845 -0.756778 0.653543 
256 599 5.86104 16.6877 -24.0828 -0.546632 0.0317137 -0.0463038 -0.703661 0.708316 
256 605 7.451 14.3334 -22.8135 -0.642476 0.0137789 -0.0622641 -0.908914 0.412078 
256 611 6.74876 8.60314 -20.3263 -0.566243 0.0247665 -0.0424965 -0.746526 0.663536 
256 617 6.52951 2.71203 -18.8407 -0.569588 0.0265092 -0.034092 -0.79633 0.603318 
256 623 5.19101 -3.38087 -17.1811 -0.306689 0.0385696 -0.0360432 -0.729329 0.682124 
256 629 4.86053 -7.46305 -15.6126 -0.356299 0.0670091 -0.0657995 -0.846474 0.524082 
262 588 6.91279 22.8794 -18.9205 -0.0376759 0.0382841 -0.0563214 -0.7332 0.676594 
262 594 5.99846 20.0651 -18.5786 0.188585 0.041483 -0.0834154 -0.802624 0.589165 
262 600 6.62924 16.148 -18.1118 0.332689 -0.0303061 0.00346941 -0.737457 0.674705 
262 606 7.33876 13.5655 -16.0956 0.244844 0.0100183 -0.00696462 -0.899176 0.437417 
262 612 7.68287 7.80077 -13.9242 0.0489028 0.02548 -0.0425721 -0.7907 0.61019 
262 618 7.18886 2.13828 -12.1233 -0.194717 0.0377485 -0.0404797 -0.813869 0.578406 
262 624 5.6837 -4.20483 -10.4043 0.0173977 0.0125591 -0.0232947 -0.776636 0.629393 
262 630 4.88803 -7.46527 -8.74479 -0.118657 0.103011 -0.129946 -0.816428 0.553126 
262 636 4.58138 -13.3301 -7.24013 -0.183404 0.0560808 -0.0542225 -0.798041 0.597533 
268 574 6.45754 9.17328 -28.0846 1.68967 0.0342831 -0.0110091 -0.937343 -0.346543 
268 580 7.17428 10.8365 -25.7809 1.46494 0.0283995 0.00926416 -0.998673 -0.0419595 
268 586 6.75985 10.4062 -23.3749 1.05453 0.0354986 -0.117226 -0.960507 0.249848 
268 592 6.84958 7.60619 -20.7246 0.957084 0.0133953 -0.0700761 -0.943776 0.322796 
268 598 7.56891 5.83952 -18.77 1.09 0.03279 -0.0832426 -0.86438 0.494815 
268 604 7.23728 4.03556 -16.8062 0.830702 0.00750632 -0.128273 -0.984219 0.121667 
268 610 5.08701 1.56043 -10.9929 0.751201 0.0291461 -0.0939176 -0.907281 0.408866 
268 616 6.91922 -2.27351 -6.47806 0.299386 0.0407895 -0.0848622 -0.93961 0.329039 
268 622 6.53219 -6.0285 -1.4076 0.169757 0.0347533 -0.0728628 -0.910376 0.405832 
274 567 6.2534 -11.8742 -26.4027 -1.9638 -0.00215335 0.015185 -0.925023 -0.379602 
274 573 7.39262 -6.55527 -23.1479 -1.83064 -0.00779137 0.0505838 -0.794769 -0.60475 
274 579 6.66868 -3.13084 -21.9795 -2.00925 0.00560859 0.0534202 -0.916998 -0.39526 
274 585 6.66711 -1.98884 -19.8204 -1.89758 0.00102849 -0.00568691 -0.994592 -0.103695 
274 591 6.27732 -2.94817 -15.761 -1.44876 0.00633022 0.0152049 -0.990124 0.139223 
274 597 6.87659 -3.36552 -13.3606 -1.13298 -0.00360384 0.056261 -0.978989 0.195965 
274 603 7.29219 -4.06499 -11.0116 -0.824549 -0.0340587 -0.0955752 -0.993085 -0.059056 
274 609 4.94771 -2.74349 -5.23655 -0.507803 -0.000426629 -0.0205096 -0.997872 0.0618952 
274 615 8.35097 -3.7462 0.478738 0.143635 0.00961674 -0.046831 -0.996584 0.0673434 
274 621 8.04363 -4.13277 6.7933 0.878035 0.0136271 -0.0234025 -0.997159 0.0702949 
274 627 5.93222 -4.99605 11.8197 1.60421 -0.000997694 0.00869111 -0.998586 -0.0524397 
274 633 4.82991 -5.25521 16.3021 1.83606 0.0146453 0.0325254 -0.994206 0.101405 
280 562 8.00125 -15.5266 -24.1281 1.83526 0.0106093 -0.0438051 -0.918128 -0.393713 
280 568 6.72142 -10.7814 -19.4661 1.44184 0.0133446 -0.0356754 -0.931333 -0.362172 
280 574 6.90935 -5.25577 -16.502 0.941295 -0.000886309 -0.0188168 -0.814628 -0.579678 
280 580 7.43869 -2.70195 -15.3981 0.641535 0.00233753 0.0109198 -0.953264 -0.301932 
280 586 6.9757 -1.8835 -13.1228 0.275855 -0.0193461 -0.104681 -0.994287 -0.00784744 
280 592 7.00434 -2.95609 -9.42556 0.350764 -0.026797 -0.051743 -0.996115 0.0660307 
280 598 7.76642 -3.47402 -6.84215 0.625774 -0.00601651 -0.0661295 -0.965199 0.252946 
280 604 7.29478 -4.05158 -4.2319 0.470345 -0.0507546 -0.111421 -0.98297 -0.137041 
280 610 5.08223 -3.23885 2.04643 0.63617 -0.0174357 -0.0777888 -0.983927 0.159791 
280 616 6.95558 -4.29263 7.87706 0.411765 -0.0046839 -0.0725784 -0.99467 0.0730861 
280 622 6.4534 -4.97364 14.1515 0.543424 -0.00666044 -0.0569881 -0.986237 0.155066 
286 556 5.72512 -17.1561 -23.9567 0.978433 0.0303238 -0.0492396 -0.930671 -0.361257 
286 562 8.22044 -13.1765 -19.0549 0.997109 0.0449685 -0.0313248 -0.935468 -0.349135 
286 568 6.70905 -8.88295 -13.9552 0.819344 0.044849 -0.0263666 -0.946837 -0.317479 
286 574 6.91711 -3.66829 -10.5403 0.687073 0.0290069 -0.00426715 -0.840957 -0.540307 
286 580 7.5575 -1.22609 -9.12652 0.448051 0.0305053 0.0177636 -0.966247 -0.255186 
286 586 6.72631 -0.586906 -6.77465 0.155523 0.0176681 -0.109348 -0.993154 0.0370834 
286 592 6.84235 -2.0196 -3.20381 0.1211 0.00742148 -0.059133 -0.991846 0.112648 
286 598 7.45054 -2.79833 -0.724046 0.334673 0.0260039 -0.0787955 -0.951367 0.296675 
286 604 7.34011 -3.59978 1.80527 0.193351 -0.0111364 -0.122648 -0.987975 -0.0934764 
286 610 5.62131 -3.39805 8.1961 0.0884986 0.0211777 -0.0911646 -0.974287 0.204952 
286 616 8.11829 -4.99965 13.8196 -0.230119 0.0300564 -0.0820171 -0.989087 0.118646 
286 622 7.69604 -6.29878 20.0777 -0.288314 0.0274733 -0.0670569 -0.97681 0.201472 
286 628 4.64288 -7.36972 24.7459 -0.424356 0.0165626 -0.0447248 -0.995904 -0.0768111 
292 551 8.13181 -16.5245 -24.6487 -0.856305 0.0343285 0.0313381 -0.946867 -0.318249 
292 557 8.19358 -13.0857 -19.2577 -0.556404 0.0266331 0.00948779 -0.962897 -0.268382 
292 563 8.39831 -9.83938 -13.716 -0.285657 0.034512 0.0078149 -0.966193 -0.25538 
292 569 8.27348 -6.61458 -7.98805 0.0955845 0.0282441 0.0201501 -0.965804 -0.256942 
292 575 8.17506 -1.73352 -4.08898 0.149564 0.0385969 0.110733 -0.882015 -0.456397 
292 587 6.21052 -0.282395 0.126418 -0.04185 0.0218347 -0.0273068 -0.977153 0.209643 
292 599 6.09244 -4.03816 6.01077 0.703716 0.0309833 -0.0351859 -0.944044 0.326469 
292 605 7.6811 -4.48513 8.67013 0.680954 -0.000390716 -0.0319179 -0.999072 -0.0289101 
292 611 6.93447 -6.05902 14.699 1.05327 0.0241258 -0.0221939 -0.96293 0.267752 
292 617 6.62461 -8.48801 20.2012 1.30924 0.0279333 -0.0173438 -0.980957 0.19142 
292 623 4.97374 -10.9395 26.0239 1.82567 0.0394279 -0.0270007 -0.955586 0.290814 
298 548 6.61833 5.86811 -28.1846 5.23113 0.0294835 -0.0900818 -0.995349 0.0172338 
298 554 7.15172 4.41992 -22.1178 4.37179 0.00224158 -0.0524774 -0.97869 0.198514 
298 560 8.30411 2.34052 -16.2008 3.23447 0.0197589 -0.0976489 -0.983115 0.153492 
298 566 7.3593 0.432357 -10.1659 2.15842 0.0277799 -0.0910567 -0.98121 0.167822 
298 572 7.36771 -0.861455 -3.75917 1.14653 0.00681321 -0.0927603 -0.993568 -0.0645917 
298 578 7.74272 -0.308297 0.454521 0.0285455 0.00894784 -0.0708017 -0.995545 0.0616135 
298 584 7.33316 -1.47054 2.3715 -0.403035 0.00318227 -0.136054 -0.920514 0.366242 
298 590 7.49538 -5.46065 3.39914 -0.584925 -0.0905565 -0.0215323 -0.743474 0.662255 
298 596 6.40281 -7.39537 3.94693 -0.668323 -0.035888 -0.103234 -0.76284 0.637283 
298 608 7.82033 -14.3146 7.48805 -1.03239 -0.0364406 -0.106175 -0.850073 0.514562 
298 614 7.62357 -20.1605 9.23646 -1.3163 -0.0229618 -0.0949121 -0.802855 0.588122 
298 620 8.0105 -25.9725 11.4525 -1.64778 -0.00273622 -0.117415 -0.821496 0.557988 
304 544 8.50864 5.13903 -28.2567 4.32792 0.0374137 -0.0697388 -0.986669 -0.1422 
304 550 7.71066 5.82812 -21.7692 3.4131 0.014116 -0.0733882 -0.988805 0.129148 
304 556 7.11901 4.31394 -15.6801 2.44959 0.0297239 -0.0954009 -0.986395 0.130539 
304 562 8.62949 2.40956 -9.55887 1.63842 0.0341477 -0.0755838 -0.986236 0.143038 
304 568 6.96022 0.409284 -3.20574 0.656535 0.0266029 -0.0653763 -0.98193 0.17559 
304 574 7.02869 0.340673 2.94627 -0.379795 0.0201808 -0.0594034 -0.995579 -0.0699073 
304 580 7.5731 0.51393 5.72686 -0.875598 -0.00861609 -0.0301265 -0.970742 0.238071 
304 586 6.95258 -1.11362 7.44331 -1.40323 0.0216082 -0.137166 -0.848158 0.511221 
304 592 7.014 -4.90199 8.19119 -1.43 -0.0156354 -0.0943732 -0.813198 0.574071 
304 598 7.82547 -7.44367 8.94126 -1.24391 0.00329786 -0.0917424 -0.689296 0.71864 
304 604 7.28532 -10.0153 9.60514 -1.47012 0.0041761 -0.161785 -0.904669 0.394185 
304 610 4.93366 -15.208 13.1848 -1.63153 0.00398072 -0.11497 -0.75281 0.648107 
304 616 6.89781 -20.8928 14.9056 -2.08193 0.0129726 -0.100858 -0.807516 0.581014 
310 537 7.15685 -10.6728 -27.5922 1.85262 0.00624726 -0.0458716 -0.934951 -0.351745 
310 543 8.20075 -6.72862 -22.5887 1.64336 0.01091 -0.0407632 -0.950613 -0.307496 
310 549 7.60891 -2.92554 -17.2492 1.25105 0.00921481 -0.0356366 -0.987482 -0.153375 
310 555 6.93808 -1.62912 -10.953 0.764291 0.00471084 -0.0811993 -0.995407 -0.0504884 
310 561 8.41324 -0.758299 -4.8091 0.43638 0.0058412 -0.0480285 -0.995259 -0.0843772 
310 567 6.96741 0.254985 1.81185 0.0456811 0.00636687 -0.0413763 -0.997992 -0.0475329 
310 573 7.8584 2.35083 7.71865 -0.450515 0.00160685 -0.00604879 -0.952659 -0.303976 
310 579 7.06926 4.25901 10.7489 -0.958392 -0.000196001 -0.00246991 -0.997849 -0.0655132 
310 585 6.91766 3.80294 13.1084 -1.1451 -0.00284646 -0.0622822 -0.970151 0.23435 
310 591 6.34722 0.497333 15.7268 -1.01357 -0.0168443 -0.0362809 -0.886077 0.461809 
310 597 7.07801 -1.3438 17.3449 -0.905799 -0.0431375 5.92405e-05 -0.85882 0.510458 
310 603 7.32585 -3.34647 18.7484 -0.765235 -0.0046125 -0.158549 -0.948328 0.274799 
310 609 4.72483 -5.95437 24.0357 -1.06981 -0.00465763 -0.07727 -0.916982 0.391346 
310 615 8.14398 -10.3308 27.888 -0.954111 0.0108951 -0.0956838 -0.912843 0.396792 
316 532 8.16326 -9.31929 -27.6807 1.3406 0.00985779 -0.0281185 -0.95699 -0.288587 
316 538 7.53832 -5.89104 -22.1797 0.985612 0.0186148 -0.0260438 -0.96199 -0.271201 
316 544 8.54114 -2.75464 -16.582 0.90934 0.00856979 -0.028844 -0.958854 -0.2823 
316 550 7.73525 -0.262085 -10.5011 0.558505 -0.00141929 -0.0257637 -0.999577 -0.0134231 
316 556 7.11244 0.00710966 -4.16373 0.223047 0.0114299 -0.0497147 -0.998627 -0.0119519 
316 562 8.59792 -0.0876702 2.28404 0.0495199 0.0196142 -0.0299778 -0.999358 -3.81744e-06 
316 568 6.86604 -0.215314 9.01643 -0.252331 0.0160064 -0.0180425 -0.999166 0.0329512 
316 574 6.88868 1.46179 15.0153 -0.724949 -0.00212843 -0.013841 -0.977152 -0.21208 
316 580 7.38613 2.41313 17.6593 -0.959003 -0.0107028 0.0207998 -0.994971 0.0973951 
316 586 6.81897 1.33168 19.8023 -1.27789 0.017218 -0.0917182 -0.918429 0.384422 
316 592 6.8469 -2.08998 21.5826 -1.08401 -0.0101078 -0.0446862 -0.890338 0.452989 
316 598 7.71369 -4.3048 23.0114 -0.715894 0.0188309 -0.0492682 -0.788643 0.612585 
316 604 7.092 -6.58828 24.3761 -0.810302 -0.00946293 -0.11235 -0.958473 0.26195 
322 527 7.77595 -12.6365 -26.0055 1.68367 0.0163144 -0.0586281 -0.955588 -0.288355 
322 533 8.17539 -8.74049 -20.5451 1.497 0.00602057 -0.0335951 -0.961125 -0.273995 
322 539 7.4941 -5.47683 -15.2547 1.03179 0.015866 -0.0466114 -0.965535 -0.255575 
322 545 7.73138 -2.22117 -9.53749 0.823692 0.0114076 -0.0350447 -0.955019 -0.294246 
322 551 7.88462 -0.344162 -3.36145 0.355179 0.0155091 -0.0160679 -0.998397 -0.0520041 
322 557 8.21143 -0.160639 3.01318 -0.0144878 0.0133067 -0.0369281 -0.999229 0.000618383 
322 563 8.36487 -0.274869 9.48652 -0.493241 0.0166855 -0.0348364 -0.999157 0.0139391 
322 569 8.05278 -0.44596 16.0067 -0.771659 0.00760397 -0.0265167 -0.999562 0.0106932 
322 575 7.91988 1.72819 21.831 -1.2924 0.00687202 0.0628628 -0.976806 -0.204574 
322 587 5.60159 0.829398 26.1726 -1.94315 -0.00290337 -0.0619941 -0.883586 0.464138 
322 599 5.43402 -5.4393 29.35 -1.42649 0.000591638 -0.0615998 -0.819871 0.569224 
328 521 7.96004 -7.09907 -28.5393 1.84621 0.0171399 -0.0532169 -0.992409 -0.109542 
328 527 8.1776 -5.42685 -22.2011 1.63854 0.0338373 -0.0629465 -0.986598 -0.146688 
328 533 8.57401 -3.27022 -15.8818 1.46428 0.0201838 -0.0399953 -0.990256 -0.131853 
328 539 7.72804 -1.62909 -9.92893 0.810229 0.0317369 -0.051745 -0.991768 -0.112744 
328 545 8.04383 -0.179232 -3.50437 0.493025 0.0245477 -0.040725 -0.987083 -0.152992 
328 551 8.24087 -0.135942 2.95109 -0.0871208 0.0244123 -0.0227306 -0.995085 0.0932387 
328 557 8.12219 -1.79308 9.10021 -0.632524 0.0234912 -0.0461133 -0.988087 0.144931 
328 563 8.36803 -3.71142 15.2516 -1.14876 0.0309002 -0.0416318 -0.985998 0.158491 
328 569 8.05651 -5.72383 21.4769 -1.56947 0.0234244 -0.0340113 -0.98709 0.154748 
328 575 7.42017 -5.32173 27.6352 -2.3071 0.00868532 0.0549913 -0.996584 -0.0610031 
334 515 7.42337 0.341305 -29.4916 2.85183 0.0108495 -0.0655001 -0.997746 -0.0097245 
334 521 8.20523 0.304905 -23.0274 2.33472 0.000569024 -0.0695355 -0.997184 0.0280974 
334 527 7.95054 0.180284 -16.5772 1.87624 0.0182968 -0.0779728 -0.996746 -0.00909416 
334 533 6.36108 0.735382 -5.08765 0.805808 0.00020225 -0.0646428 -0.997897 0.00476318 
334 539 7.55253 0.461363 -3.68988 0.528911 0.0140009 -0.0658035 -0.997423 0.0249206 
334 545 7.71357 0.132696 2.85637 0.00258779 0.00725716 -0.0582782 -0.998153 -0.0155695 
334 551 7.79355 -1.60188 9.04959 -0.741046 -0.000389507 -0.0336171 -0.972933 0.228628 
334 557 8.02307 -4.85554 14.4911 -1.2958 0.00258896 -0.0546167 -0.958521 0.279727 
334 563 8.22235 -8.45267 19.8896 -1.97096 0.00386166 -0.0493088 -0.954966 0.292564 
334 569 7.70821 -12.0383 25.239 -2.45568 -0.00477237 -0.0480871 -0.9562 0.288699 
340 509 8.21138 1.83381 -29.6126 0.323205 0.023599 -0.0272864 -0.999348 0.00127336 
340 515 7.22638 2.07077 -23.2409 0.323268 0.0215919 -0.0206178 -0.999236 0.0252223 
340 521 8.02097 1.55907 -16.8306 0.343564 0.0120827 -0.0273485 -0.997564 0.0630189 
340 527 8.15367 0.985648 -10.3359 0.446398 0.029428 -0.0349312 -0.998636 0.0252989 
340 533 8.57482 0.866548 -3.59716 0.541257 0.0118782 -0.0147731 -0.999001 0.0404704 
340 539 7.76537 0.381496 2.56628 0.160114 0.0262461 -0.0242906 -0.997594 0.0593953 
340 545 8.00698 -0.438257 9.10694 0.143632 0.0162291 -0.0157376 -0.999564 0.0190167 
340 551 8.17953 -2.60195 15.2204 -0.119995 0.0182384 0.00572065 -0.964693 0.262682 
340 557 7.98379 -6.2488 20.4542 -0.303009 0.0231376 -0.0169657 -0.949391 0.312782 
340 563 8.32599 -10.1611 25.6131 -0.532218 0.0297873 -0.012368 -0.945022 0.325413 
346 503 7.59548 1.61077 -29.2723 1.65357 0.0204786 -0.0577581 -0.997996 0.0157587 
346 509 8.09473 1.24004 -23.2202 1.47267 0.025934 -0.0536248 -0.998211 -0.00506872 
346 515 7.55565 1.57781 -16.8112 1.08238 0.0244047 -0.0470287 -0.998422 0.01861 
346 521 8.29607 1.16817 -10.3876 0.798402 0.0146575 -0.0533068 -0.996879 0.0563486 
346 527 7.93556 0.679541 -3.92581 0.532302 0.0323505 -0.0599924 -0.997494 0.0189703 
346 533 6.36012 0.578155 7.80977 -0.158758 0.0142999 -0.0484977 -0.998166 0.03328 
346 539 7.23945 0.241088 8.97771 -0.301013 0.0271926 -0.0479453 -0.997079 0.0528773 
346 545 7.2324 -0.474167 15.566 -0.606787 0.0193426 -0.0358901 -0.99909 0.0125485 
346 551 7.07351 -2.55446 21.6674 -1.20588 0.0154441 -0.0155283 -0.966332 0.256366 
346 557 6.23695 -5.6667 26.5489 -1.56016 0.0205493 -0.0369598 -0.947434 0.317144 
352 497 7.44221 -1.26919 -29.2845 1.60328 0.00415656 -0.040682 -0.99913 -0.00821923 
352 503 7.73407 -0.755976 -22.9046 1.24645 0.0107868 -0.0551688 -0.998119 -0.0244645 
352 509 8.37613 -0.614241 -16.8314 1.06825 0.0176196 -0.0508875 -0.997508 -0.045579 
352 515 7.2124 0.234869 -10.4702 0.751684 0.0159556 -0.0430781 -0.998705 -0.0218549 
352 521 8.02502 0.334712 -4.05337 0.482183 0.00534061 -0.0493865 -0.998641 0.015762 
352 527 8.04277 0.384101 2.46532 0.273316 0.0232258 -0.0581273 -0.997806 -0.0215625 
352 533 8.51978 0.90983 9.21404 0.0430674 0.00627475 -0.0386521 -0.999209 -0.00689128 
352 539 7.1146 1.04363 15.3236 -0.536883 0.018745 -0.0452132 -0.998726 0.0123097 
352 545 7.18865 0.806781 21.9448 -0.764697 0.00939109 -0.0350393 -0.998933 -0.0285659 
352 551 6.62045 -0.738366 28.2104 -1.194 0.0108086 -0.0151397 -0.97612 0.216432 
358 491 7.21037 -0.14901 -29.2587 0.889299 0.00562911 -0.0415953 -0.998495 0.0352912 
358 497 7.82384 -0.271577 -22.8497 0.760008 0.00866351 -0.0302293 -0.999499 0.00367472 
358 503 7.87527 0.0899294 -16.3982 0.531539 0.0128195 -0.0433618 -0.998893 -0.012947 
358 509 8.20356 0.0579003 -10.3257 0.525239 0.0174246 -0.0399906 -0.998474 -0.0338773 
358 515 7.57071 0.759938 -3.95306 0.318093 0.0164706 -0.03265 -0.99928 -0.0101175 
358 521 8.32219 0.719197 2.5313 0.223203 0.00715538 -0.0383902 -0.998851 0.027779 
358 527 7.92151 0.600642 9.02944 0.159148 0.0239705 -0.0446822 -0.998665 -0.00981545 
358 533 8.40954 0.959962 15.7388 0.00441629 0.00669632 -0.0282607 -0.999565 0.00517264 
358 539 7.00549 0.908777 21.9436 -0.177372 0.0178731 -0.0306535 -0.999082 0.0239848 
358 545 6.85352 0.569389 28.5621 -0.29703 0.0116511 -0.0193675 -0.999606 -0.0166164 
364 485 7.93516 -0.00588559 -29.2459 1.44291 0.00915144 -0.0398806 -0.999074 0.0133016 
364 491 7.33184 0.0519709 -22.7238 1.15039 -0.00207671 -0.0498622 -0.997968 0.0396044 
364 497 7.85396 -0.0784739 -16.3057 0.996813 0.0040431 -0.0379015 -0.99921 0.0112914 
364 503 7.89046 0.183204 -9.87173 0.589449 0.008043 -0.0519486 -0.998583 -0.00827375 
364 509 8.43013 0.123364 -3.78272 0.457835 0.0136086 -0.047552 -0.99834 -0.0295168 
364 515 7.20071 0.764615 2.61255 0.187589 0.0117434 -0.0393591 -0.999139 -0.00576625 
364 521 7.99168 0.657059 9.03309 -0.0270426 0.00133971 -0.045018 -0.998475 0.0319109 
364 527 7.89944 0.501184 15.5521 -0.153374 0.0200016 -0.052992 -0.99838 -0.00548935 
364 533 8.50252 0.808515 22.3232 -0.370777 0.00267035 -0.0348164 -0.999348 0.00923194 
364 539 6.74307 0.742631 28.4309 -0.829921 0.0138717 -0.0400402 -0.998707 0.028079 
370 479 7.22197 -1.12244 -29.3033 1.55565 0.0302204 -0.0453766 -0.998472 -0.0090224 
370 485 7.94186 -0.754659 -22.7753 1.22182 0.0175389 -0.0413386 -0.998977 -0.00536375 
370 491 7.20306 -0.444256 -16.2289 0.899109 0.00699836 -0.051414 -0.998432 0.0209978 
370 497 7.88942 -0.381347 -9.81792 0.649884 0.0108585 -0.0391825 -0.999114 -0.0108601 
370 503 7.83756 0.18625 -3.38063 0.295064 0.0153441 -0.0531011 -0.998096 -0.0273826 
370 509 8.12552 0.310083 2.70838 0.17303 0.0198372 -0.0496313 -0.99742 -0.0479261 
370 515 7.39047 1.19249 9.05875 -0.127501 0.0187931 -0.0416891 -0.998657 -0.0243442 
370 521 8.16524 1.34187 15.5202 -0.344679 0.00930067 -0.0475095 -0.998735 0.0136171 
370 527 7.61658 1.40782 22.0049 -0.520002 0.0268509 -0.0543459 -0.997872 -0.0240089 
370 533 8.06908 1.96 28.6719 -0.773377 0.00971846 -0.0373963 -0.99921 -0.0092438 
376 476 7.01218 -1.27076 -26.0152 0.888176 0.00464615 -0.0328436 -0.999369 0.0127283 
376 482 8.63673 -0.935697 -19.7935 0.73901 0.00719871 -0.0410085 -0.998095 -0.0455291 
376 488 7.98105 -0.451257 -13.3296 0.487544 -0.0104463 -0.0384337 -0.99773 -0.0542924 
376 494 7.01539 -0.478966 -6.91496 0.364328 0.00457692 -0.019276 -0.999274 -0.0325563 
376 500 7.7197 0.105732 -0.320275 0.14509 0.00614624 -0.0027385 -0.998151 -0.0604092 
376 506 7.62793 0.624822 6.05783 0.199854 -0.00468736 -0.031005 -0.99949 -0.00597093 
376 512 7.98331 1.33256 12.0883 0.0951879 -0.00382223 -0.0310926 -0.996113 -0.0823262 
376 518 7.74957 1.79115 18.4291 -0.109669 0.00183461 -0.0477186 -0.998848 -0.00464111 
376 524 7.6386 1.85772 25.1036 -0.0588581 0.00760023 -0.0232807 -0.999619 -0.0127155 
382 482 8.7998 0.315857 -13.3127 0.909262 0.0209552 -0.0581091 -0.99806 -0.00772844 
382 488 7.91051 0.313618 -6.82829 0.518661 0.00415633 -0.0528761 -0.99845 -0.0168387 
382 494 6.86489 -0.210478 -0.418675 0.172442 0.0155859 -0.033728 -0.999294 0.00556742 
382 500 7.58781 -0.111562 6.2679 -0.278804 0.0173895 -0.0182043 -0.999438 -0.022144 
382 506 7.41672 -0.0991819 12.6175 -0.375918 0.00504878 -0.0470127 -0.998369 0.0319811 
382 512 7.73153 0.150835 18.6562 -0.667945 0.00760789 -0.0480414 -0.997823 -0.0445441 
382 518 7.73426 0.12831 25.0237 -1.07966 0.012539 -0.0634452 -0.997354 0.0332129 
388 488 8.05918 0.213133 -0.335669 0.137857 0.00383087 -0.0448825 -0.998301 -0.0369552 
388 494 7.02615 -0.0402063 6.09146 -0.0810461 0.0181278 -0.0256134 -0.999398 -0.0147881 
388 500 7.66215 0.313744 12.6758 -0.377862 0.0195798 -0.00918274 -0.998863 -0.042476 
388 506 7.49074 0.604535 19.0727 -0.392176 0.0093603 -0.0373661 -0.99919 0.011621 
388 512 7.72314 1.10055 25.1025 -0.549295 0.0111438 -0.035794 -0.997196 -0.0647743 
394 494 6.86307 0.505087 12.6241 -0.903283 0.00874169 -0.0459913 -0.998445 -0.0302647 
394 500 7.4561 1.07584 19.2515 -1.50772 0.0105214 -0.0306126 -0.99778 -0.0581965 
394 506 7.27443 1.54625 25.6017 -1.7641 -0.00328835 -0.0580863 -0.998299 -0.00382789 
400 500 7.3512 0.867156 25.7868 -1.3589 0.00481695 -0.0171462 -0.998602 -0.04976 
